name: hgt_analyses_py2
channels:
  - plotly
  - bioconda
  - etetoolkit
  - conda-forge
dependencies:
  - _libgcc_mutex=0.1=conda_forge
  - _openmp_mutex=4.5=2_gnu
  - argtable2=2.13=0
  - ca-certificates=2024.2.2=hbcca054_0
  - cairo=1.14.6=4
  - certifi=2019.11.28=py27h8c360ce_1
  - clustalo=1.2.4=hdbdd923_8
  - curl=7.64.0=h646f8bb_0
  - dendropy=4.6.0=pyh7cba7a3_0
  - dialigntx=1.0.2=hdce4c0c_0
  - ete3=3.1.1=pyh24bf2e0_1
  - ete_toolchain=3.0.0=h73706c9_0
  - expat=2.6.2=h59595ed_0
  - fasttree=2.1.11=h031d066_3
  - fontconfig=2.12.1=4
  - freetype=2.7=1
  - gettext=0.22.5=h59595ed_2
  - gettext-tools=0.22.5=h59595ed_2
  - glib=2.51.4=0
  - graphite2=1.3.13=h59595ed_1003
  - harfbuzz=1.4.3=0
  - icu=58.2=hf484d3e_1000
  - iqtree=1.5.5=he941832_2
  - jpeg=9e=h0b41bf4_3
  - kalign=2.03=h29c49b8_0
  - krb5=1.16.3=hc83ff2d_1000
  - ld_impl_linux-64=2.40=h55db66e_0
  - libasprintf=0.22.5=h661eb56_2
  - libasprintf-devel=0.22.5=h661eb56_2
  - libblas=3.9.0=8_openblas
  - libcblas=3.9.0=8_openblas
  - libcurl=7.64.0=h01ee5af_0
  - libedit=3.1.20191231=he28a2e2_2
  - libexpat=2.6.2=h59595ed_0
  - libffi=3.2.1=he1b5a44_1007
  - libgcc=7.2.0=h69d50b8_2
  - libgcc-ng=13.2.0=h77fa898_6
  - libgettextpo=0.22.5=h59595ed_2
  - libgettextpo-devel=0.22.5=h59595ed_2
  - libgfortran-ng=7.5.0=h14aa051_20
  - libgfortran4=7.5.0=h14aa051_20
  - libgomp=13.2.0=h77fa898_6
  - libiconv=1.17=hd590300_2
  - liblapack=3.9.0=8_openblas
  - libopenblas=0.3.12=pthreads_hb3c22a3_1
  - libpng=1.6.43=h2797004_0
  - libsqlite=3.45.3=h2797004_0
  - libssh2=1.8.0=h1ad7b7a_1003
  - libstdcxx-ng=13.2.0=hc0a3c3a_6
  - libtiff=4.0.10=hc3755c2_1005
  - libuuid=2.38.1=h0b41bf4_0
  - libxcb=1.15=h0b41bf4_0
  - libxcrypt=4.4.36=hd590300_1
  - libxml2=2.9.9=h13577e0_2
  - libxslt=1.1.32=hae48121_1003
  - libzlib=1.2.13=hd590300_5
  - lxml=4.4.1=py27h7ec2d77_0
  - lz4-c=1.9.3=h9c3ff4c_1
  - mafft=6.861=h7f9ae3c_0
  - muscle=3.8.31=0
  - ncurses=6.4.20240210=h59595ed_0
  - numpy=1.16.5=py27h95a1406_0
  - openblas=0.3.12=pthreads_h43bd3aa_1
  - openssl=1.0.2u=h516909a_0
  - paml=4.8=h48adae2_0
  - pandas=0.24.2=py27hb3f55d8_0
  - pango=1.40.4=0
  - patsy=0.5.1=py_0
  - pcre=8.45=h9c3ff4c_0
  - perl=5.32.1=7_hd590300_perl5
  - phylobayes=4.1c=hac87e47_0
  - phyml=20160115.patched=hee5dff1_0
  - pip=20.1.1=pyh9f0ad1d_0
  - pixman=0.34.0=h14c3975_1003
  - plotly=4.14.3=py_0
  - pmodeltest=1.4=py27hb4d0d57_0
  - pthread-stubs=0.4=h36c2ea0_1001
  - pyqt=4.11.4=py27_3
  - python=2.7.15=h938d71a_1006
  - python-dateutil=2.8.1=py_0
  - python_abi=2.7=1_cp27mu
  - pytz=2020.1=pyh9f0ad1d_0
  - qt=4.8.7=ha8c56c7_9
  - raxml=8.2.11=h6db2ed4_0
  - readline=7.0=hf8c457e_1001
  - retrying=1.3.3=py_2
  - scipy=1.2.1=py27h921218d_2
  - setuptools=44.0.0=py27_0
  - sip=4.18=py27_1
  - six=1.16.0=pyh6c4a22f_0
  - slr=1.4.3=h816ab49_0
  - sqlite=3.28.0=h8b20d00_0
  - statsmodels=0.10.2=py27hc1659b7_0
  - t_coffee=11.0.8=py27h075ee95_7
  - tk=8.6.13=noxft_h4845f30_101
  - trimal=1.4.1=h4ac6f70_9
  - wheel=0.37.1=pyhd8ed1ab_0
  - xorg-kbproto=1.0.7=h7f98852_1002
  - xorg-libice=1.1.1=hd590300_0
  - xorg-libsm=1.2.4=h7391055_0
  - xorg-libx11=1.8.9=h8ee46fc_0
  - xorg-libxau=1.0.11=hd590300_0
  - xorg-libxdmcp=1.1.3=h7f98852_0
  - xorg-libxext=1.3.4=h0b41bf4_2
  - xorg-libxrender=0.9.11=hd590300_0
  - xorg-libxt=1.3.0=hd590300_1
  - xorg-renderproto=0.11.1=h7f98852_1002
  - xorg-xextproto=7.3.0=h0b41bf4_1003
  - xorg-xproto=7.0.31=h7f98852_1007
  - xz=5.2.6=h166bdaf_0
  - zlib=1.2.13=hd590300_5
  - zstd=1.4.9=ha95c52a_0
